param P := 3;
param I := 42;
param J := 42;

param d :
	1	2	3	4	5	6	7	8	9	10	11	12	13	14	15	16	17	18	19	20	21	22	23	24	25	26	27	28	29	30	31	32	33	34	35	36	37	38	39	40	41	42 :=
1	0	2445	711	1417	80	2139	1581	2427	1370	2548	1510	643	835	2565	476	531	1398	480	1897	953	2401	1627	203	190	758	169	1324	648	2439	2227	732	1808	2116	2454	2499	2450	1093	2128	287	745	1633	1144
2	2445	0	1742	1370	2388	356	1201	111	1237	305	1225	1805	2143	347	1973	2115	1207	1979	701	1599	960	829	2294	2590	1776	2314	1178	1825	826	228	1741	665	441	205	361	19	1354	371	2367	1932	814	1309
3	711	1742	0	941	663	1451	1052	1731	804	1837	979	164	864	1854	275	587	824	237	1248	482	1732	918	593	848	397	604	692	269	1754	1521	81	1125	1441	1743	1789	1748	412	1440	711	588	927	434
4	1417	1370	941	0	1339	1014	189	1301	224	1607	146	865	820	1642	992	925	237	1105	671	484	1889	878	1218	1603	665	1250	413	803	1833	1225	1005	750	936	1485	1605	1366	646	1000	1219	701	826	794
5	80	2388	663	1339	0	2077	1505	2367	1297	2498	1435	582	758	2516	414	450	1325	441	1829	878	2373	1574	123	270	683	89	1256	579	2405	2172	692	1746	2052	2402	2451	2393	1034	2065	218	665	1578	1093
6	2139	356	1451	1014	2077	0	846	298	884	614	868	1496	1791	652	1664	1778	853	1687	347	1260	1114	585	1977	2295	1442	2000	840	1505	1005	256	1462	332	107	491	634	352	1047	14	2040	1588	549	1032
7	1581	1201	1052	189	1505	846	0	1126	252	1451	73	999	1009	1487	1139	1103	240	1238	499	631	1785	802	1385	1765	823	1416	421	950	1718	1071	1108	614	762	1327	1456	1195	704	832	1395	881	743	829
8	2427	111	1731	1301	2367	298	1126	0	1181	416	1154	1785	2087	458	1953	2076	1150	1968	629	1558	1063	832	2269	2578	1740	2291	1138	1798	932	264	1736	626	364	315	472	94	1334	312	2336	1887	809	1303
9	1370	1237	804	224	1297	884	252	1181	0	1448	182	763	906	1480	912	928	31	999	567	419	1679	662	1182	1549	616	1210	190	726	1631	1069	857	584	823	1329	1437	1235	454	870	1211	719	613	587
10	2548	305	1837	1607	2498	614	1451	416	1448	0	1464	1925	2340	41	2089	2272	1420	2071	957	1772	709	926	2415	2678	1933	2432	1357	1960	566	382	1823	864	714	123	88	322	1481	627	2504	2108	932	1404
11	1510	1225	979	146	1435	868	73	1154	182	1464	0	926	958	1499	1066	1038	173	1164	525	559	1769	771	1316	1693	752	1346	359	877	1708	1083	1035	613	789	1342	1465	1220	636	854	1329	817	715	765
12	643	1805	164	865	582	1496	999	1785	763	1925	926	0	699	1944	168	428	787	240	1260	383	1867	998	490	805	251	509	688	106	1880	1590	243	1164	1473	1824	1882	1810	451	1484	587	427	998	526
13	835	2143	864	820	758	1791	1009	2087	906	2340	958	699	0	2370	669	341	937	832	1467	590	2451	1465	647	1017	499	681	984	595	2435	1966	943	1483	1728	2224	2320	2141	949	1777	556	285	1437	1099
14	2565	347	1854	1642	2516	652	1487	458	1480	41	1499	1944	2370	0	2108	2296	1452	2087	995	1798	679	947	2434	2692	1958	2451	1386	1982	535	416	1838	897	754	161	75	364	1503	666	2526	2135	955	1423
15	476	1973	275	992	414	1664	1139	1953	912	2089	1066	168	669	2108	0	347	938	163	1423	509	2008	1163	326	642	333	342	850	189	2028	1758	331	1332	1640	1990	2045	1978	619	1652	436	436	1164	687
16	531	2115	587	925	450	1778	1103	2076	928	2272	1038	428	341	2296	347	0	958	504	1489	519	2280	1355	329	720	339	364	938	343	2284	1915	658	1451	1734	2163	2239	2116	801	1765	294	226	1341	920
17	1398	1207	824	237	1325	853	240	1150	31	1420	173	787	937	1452	938	958	0	1022	536	448	1659	643	1210	1576	644	1239	187	752	1608	1039	875	555	792	1300	1410	1205	464	840	1241	750	593	591
18	480	1979	237	1105	441	1687	1238	1968	999	2071	1164	240	832	2087	163	504	1022	0	1474	622	1933	1154	393	611	470	396	909	315	1964	1757	251	1359	1674	1978	2020	1985	643	1676	533	597	1164	670
19	1897	701	1248	671	1829	347	499	629	567	957	525	1260	1467	995	1423	1489	536	1474	0	971	1376	556	1720	2065	1164	1746	573	1249	1287	583	1275	228	264	834	969	696	836	333	1765	1286	496	873
20	953	1599	482	484	878	1260	631	1558	419	1772	559	383	590	1798	509	519	448	622	971	0	1863	877	762	1134	196	791	421	320	1845	1406	557	934	1214	1659	1745	1600	369	1246	794	336	852	530
21	2401	960	1732	1889	2373	1114	1785	1063	1679	709	1769	1867	2451	679	2008	2280	1659	1933	1376	1863	0	1019	2321	2485	1970	2328	1522	1938	144	871	1687	1184	1219	761	624	979	1502	1122	2444	2178	1065	1363
22	1627	829	918	878	1574	585	802	832	662	926	771	998	1465	947	1163	1355	643	1154	556	877	1019	0	1489	1765	1020	1506	504	1035	981	604	912	333	616	827	886	837	557	578	1578	1210	63	483
23	203	2294	593	1218	123	1977	1385	2269	1182	2415	1316	490	647	2434	326	329	1210	393	1720	762	2321	1489	0	393	566	34	1149	473	2347	2080	634	1645	1947	2315	2371	2298	940	1965	153	542	1488	1013
24	190	2590	848	1603	270	2295	1765	2578	1549	2678	1693	805	1017	2692	642	720	1576	611	2065	1134	2485	1765	393	0	941	359	1492	823	2532	2369	855	1965	2277	2588	2624	2597	1247	2283	461	936	1776	1282
25	758	1776	397	665	683	1442	823	1740	616	1933	752	251	499	1958	333	339	644	470	1164	196	1970	1020	566	941	0	595	603	154	1965	1576	478	1113	1402	1824	1902	1778	472	1430	601	214	1004	608
26	169	2314	604	1250	89	2000	1416	2291	1210	2432	1346	509	681	2451	342	364	1239	396	1746	791	2328	1506	34	359	595	0	1174	497	2355	2100	641	1668	1972	2333	2387	2319	960	1988	171	576	1507	1028
27	1324	1178	692	413	1256	840	421	1138	190	1357	359	688	984	1386	850	938	187	909	573	421	1522	504	1149	1492	603	1174	0	677	1484	987	732	513	800	1242	1336	1179	298	827	1202	755	464	408
28	648	1825	269	803	579	1505	950	1798	726	1960	877	106	595	1982	189	343	752	315	1249	320	1938	1035	473	823	154	497	677	0	1945	1616	349	1173	1474	1856	1922	1829	479	1492	544	320	1029	581
29	2439	826	1754	1833	2405	1005	1718	932	1631	566	1708	1880	2435	535	2028	2284	1608	1964	1287	1845	144	981	2347	2532	1965	2355	1484	1945	0	756	1714	1108	1112	624	483	845	1493	1015	2464	2168	1021	1364
30	2227	228	1521	1225	2172	256	1071	264	1069	382	1083	1590	1966	416	1758	1915	1039	1757	583	1406	871	604	2080	2369	1576	2100	987	1616	756	0	1517	484	363	260	386	239	1140	267	2159	1742	594	1087
31	732	1741	81	1005	692	1462	1108	1736	857	1823	1035	243	943	1838	331	658	875	251	1275	557	1687	912	634	855	478	641	732	349	1714	1517	0	1140	1457	1732	1771	1748	441	1451	761	669	927	432
32	1808	665	1125	750	1746	332	614	626	584	864	613	1164	1483	897	1332	1451	555	1359	228	934	1184	333	1645	1965	1113	1668	513	1173	1108	484	1140	0	317	745	856	666	717	319	1709	1267	277	715
33	2116	441	1441	936	2052	107	762	364	823	714	789	1473	1728	754	1640	1734	792	1674	264	1214	1219	616	1947	2277	1402	1972	800	1474	1112	363	1457	317	0	592	738	434	1031	97	2003	1537	571	1033
34	2454	205	1743	1485	2402	491	1327	315	1329	123	1342	1824	2224	161	1990	2163	1300	1978	834	1659	761	827	2315	2588	1824	2333	1242	1856	624	260	1732	745	592	0	157	224	1378	504	2401	1996	828	1309
35	2499	361	1789	1605	2451	634	1456	472	1437	88	1465	1882	2320	75	2045	2239	1410	2020	969	1745	624	886	2371	2624	1902	2387	1336	1922	483	386	1771	856	738	157	0	379	1443	646	2464	2082	897	1358
36	2450	19	1748	1366	2393	352	1195	94	1235	322	1220	1810	2141	364	1978	2116	1205	1985	696	1600	979	837	2298	2597	1778	2319	1179	1829	845	239	1748	666	434	224	379	0	1359	366	2370	1933	821	1316
37	1093	1354	412	646	1034	1047	704	1334	454	1481	636	451	949	1503	619	801	464	643	836	369	1502	557	940	1247	472	960	298	479	1493	1140	441	717	1031	1378	1443	1359	0	1036	1023	675	550	166
38	2128	371	1440	1000	2065	14	832	312	870	627	854	1484	1777	666	1652	1765	840	1676	333	1246	1122	578	1965	2283	1430	1988	827	1492	1015	267	1451	319	97	504	646	366	1036	0	2027	1575	541	1022
39	287	2367	711	1219	218	2040	1395	2336	1211	2504	1329	587	556	2526	436	294	1241	533	1765	794	2444	1578	153	461	601	171	1202	544	2464	2159	761	1709	2003	2401	2464	2370	1023	2027	0	520	1573	1113
40	745	1932	588	701	665	1588	881	1887	719	2108	817	427	285	2135	436	226	750	597	1286	336	2178	1210	542	936	214	576	755	320	2168	1742	669	1267	1537	1996	2082	1933	675	1575	520	0	1187	819
41	1633	814	927	826	1578	549	743	809	613	932	715	998	1437	955	1164	1341	593	1164	496	852	1065	63	1488	1776	1004	1507	464	1029	1021	594	927	277	571	828	897	821	550	541	1573	1187	0	495
42	1144	1309	434	794	1093	1032	829	1303	587	1404	765	526	1099	1423	687	920	591	670	873	530	1363	483	1013	1282	608	1028	408	581	1364	1087	432	715	1033	1309	1358	1316	166	1022	1113	819	495	0;



param h :=
1	23902
2	24084
3	26947
4	25595
5	27392
6	23578
7	24355
8	22736
9	20536
10	21434
11	18812
12	19563
13	18444
14	17774
15	17901
16	17500
17	18700
18	15378
19	16020
20	16023
21	15074
22	15460
23	16661
24	15519
25	15284
26	16114
27	13113
28	13839
29	13132
30	12714
31	13421
32	12948
33	12438
34	9847
35	10840
36	10599
37	11091
38	9616
39	9928
40	10604
41	11081
42	11107;